0 0
0.1 4e+12
0.2 9.765e+08
0.3 7.52122e+06
0.4 237442
0.5 16128
0.6 1751.84
0.7 254.991
0.8 42.9489
0.9 6.63612
1 2.66454e-15
1.1 -0.983372
1.2 -0.890965
1.3 -0.657017
1.4 -0.460687
1.5 -0.320337
1.6 -0.224208
1.7 -0.158851
1.8 -0.114147
1.9 -0.0832161
2 -0.0615234
2.1 -0.0460947
2.2 -0.0349685
2.3 -0.0268379
2.4 -0.0208216
2.5 -0.0163169
2.6 -0.0129066
2.7 -0.010298
2.8 -0.00828342
2.9 -0.00671338
3 -0.00547944
3.1 -0.00450195
3.2 -0.00372182
3.3 -0.00309485
3.4 -0.00258765
3.5 -0.00217478
3.6 -0.00183673
3.7 -0.00155841
3.8 -0.00132805
3.9 -0.00113645
4 -0.000976324
4.1 -0.00084191
4.2 -0.000728593
4.3 -0.000632675
4.4 -0.000551168
4.5 -0.000481651
4.6 -0.00042215
4.7 -0.00037105
4.8 -0.000327022
4.9 -0.00028897
5 -0.000255984
